chr	start	end	ref	alt	(0, 1)	(1, 0)	(0, 0)	(1, 1)
1	11918379	11918379	C	A	0.901023871788	3.91036796587e-05	1.4237767383e-05	0.0989227867649
5	82500734	82500734	G	T	0.991752756932	0.000329072205183	0.00233787886652	0.00558029199603
6	25914853	25914853	G	A	0.698443356222	0.13125165689	0.0252659329015	0.145039053986
6	26017542	26017542	T	C	0.973100551245	0.00205567179404	0.0210438995361	0.00379987742444
6	26184102	26184102	G	A	0.000116603383419	0.995566776717	0.00229169014032	0.00202492975934
6	26409890	26409890	G	C	0.987184547719	5.51209200893e-06	1.70031292298e-05	0.0127929370598
6	26463574	26463574	G	T	0.134814361836	0.381913541331	0.00429707229959	0.478975024533
6	26463575	26463575	G	T	0.128802194403	0.612243051646	0.012806631445	0.246148122506
6	26463660	26463660	G	A	0.449629573004	0.0378431822292	0.00133057332122	0.511196671446
6	26468326	26468326	G	A	0.99270267209	3.49416829965e-06	1.90602171579e-05	0.00727477352483
6	26468545	26468545	G	C	0.761534632548	0.114209574034	0.0425549209002	0.0817008725179
6	26509382	26509382	C	T	0.962846378014	0.00337613931895	0.00442744301645	0.029350039651
6	27775674	27775674	A	G	0.622323167104	0.00822132766184	0.368901093651	0.000554411582901
6	27879200	27879200	C	A	0.782660200113	0.0515271537459	0.0103711456912	0.15544150045
6	27879982	27879982	A	G	0.108732375567	0.774618549518	0.0524215740704	0.0642275008449
6	28219270	28219270	G	A	0.0605942031319	0.0567696214507	0.000155821127523	0.88248035429
6	28219661	28219661	G	A	0.992815787295	0.00028569351309	0.00270162987075	0.00419688932069
6	28228342	28228342	A	G	0.0215491107669	0.0412940000372	0.93711893097	3.79582260547e-05
6	28268824	28268824	A	G	0.921341966808	0.00593189450576	0.0695865460377	0.00313959264886
6	28297313	28297313	T	A	0.971907737956	0.00283610626745	0.0196481186674	0.00560803710888
6	28366151	28366151	A	G	0.996027368088	1.73699290951e-05	0.000183354954471	0.0037719070289
6	29342775	29342775	G	A	0.984117504279	0.00133700148593	0.00672906883053	0.00781642540487
6	29910663	29910663	G	A	0.937269645729	0.0116352093979	0.0108254080775	0.0402697367951
6	29910731	29910731	G	A	0.993150478139	2.98369943334e-06	1.73454299793e-05	0.00682919273202
6	29910761	29910761	G	A	0.998862774681	7.09545979801e-07	2.55006177017e-05	0.00111101515557
6	29910801	29910801	C	A	0.985072022413	4.86854953142e-05	0.000129981084375	0.0147493110072
6	29911222	29911222	C	T	0.333960483702	0.000431586847531	8.65634895466e-06	0.665599273102
6	30038647	30038647	T	C	0.0509717323395	0.00405062052295	8.73409160955e-06	0.944968913046
6	30071330	30071330	C	T	0.98125146598	8.91662271286e-05	0.000189364272155	0.0184700035204
6	30078275	30078275	C	T	0.997973426962	9.44697240836e-06	0.000208359558494	0.00180876650732
6	30652781	30652781	C	T	0.00223051889332	0.896220304988	0.10075606544	0.000793110678596
6	30862423	30862423	C	T	0.000494452579009	0.988208043349	0.00213080922565	0.00916669484619
6	30864829	30864829	T	C	0.00752026198365	0.851225573023	0.00183544276564	0.139418722228
6	30893941	30893941	G	A	0.995452204461	0.000110315837876	0.00148865206568	0.00294882763543
6	30899524	30899524	T	C	0.596637168838	0.0191429889444	0.00119199384976	0.383027848368
6	30920124	30920124	G	A	0.997105221703	5.17451266385e-06	7.32326711481e-05	0.0028163711135
6	31079643	31079643	T	C	0.996388085025	6.57005480927e-05	0.00249908318331	0.00104713124312
6	31079889	31079889	C	G	0.992259082084	9.15294044613e-05	0.00714098075452	0.000508407757307
6	31080016	31080016	C	G	0.667603222277	0.00638291922085	0.000523339773053	0.325490518729
6	31088145	31088145	T	A	0.988312654597	0.000702047173645	0.00705249584922	0.00393280237985
6	31112737	31112737	C	A	0.202993139605	0.248038487034	0.545277174632	0.00369119872843
6	31116246	31116246	G	A	0.983302058471	0.00146966709634	0.00806877984134	0.00715949459175
6	31122482	31122482	G	A	0.834757067878	0.040400985363	0.112901005425	0.0119409413342
6	31122500	31122500	G	A	0.0584128641869	0.295963704823	0.644551235878	0.00107219511231
6	31129310	31129310	C	T	0.95446241163	0.00742895104237	0.027977370861	0.0101312664669
6	31236854	31236854	T	C	0.801706343907	0.000155309132313	2.51236746879e-05	0.198113223286
6	31239449	31239449	C	G	0.845834434863	3.43839025938e-11	7.54114796546e-12	0.154165565095
6	31323958	31323958	T	G	0.873120854304	0.000652828297787	0.000180771574686	0.126045545823
6	31473561	31473561	A	G	0.998648733779	2.90861965187e-06	9.24544573073e-05	0.00125590314446
6	31473957	31473957	C	G	0.501117887251	0.00250151946501	0.000100972163388	0.496279621121
6	31474000	31474000	G	A	0.951997752397	0.000128938474452	0.000102716955223	0.0477705921735
6	31595882	31595882	C	A	0.055339906169	0.0440534102595	0.900498460641	0.000108222930331
6	31601344	31601344	T	C	0.633104109897	0.0252639142175	0.339750058552	0.00188191733346
6	31603770	31603770	A	G	0.0013245182257	0.972024222202	0.0020959130966	0.0245553464754
6	31604591	31604591	C	T	0.0242769190415	0.841332783019	0.128012151338	0.0063781466019
6	31627523	31627523	C	T	0.984476819012	0.00124056925933	0.00566591342904	0.00861669829953
6	31632134	31632134	C	A	0.00178991745662	0.921302420173	0.0760407541684	0.000866908201886
6	31733466	31733466	T	C	0.912530442927	0.0088054830047	0.0743434957872	0.00432057828062
6	31734345	31734345	G	T	0.0460307102684	0.40130695142	0.00133937623802	0.551322962074
6	32064726	32064726	T	C	0.981509976396	0.00173932145676	0.00699571925496	0.00975498289242
6	32122472	32122472	C	A	0.977696560086	0.00228288668866	0.0133244089878	0.00669614423755
6	32134510	32134510	G	A	0.581650085187	0.0357216745585	0.380445078336	0.00218316191809
6	32261252	32261252	T	G	0.925002605455	0.0010406574977	0.000524017113638	0.073432719934
6	32303692	32303692	T	A	0.164865998266	0.693740563645	0.0500579201733	0.0913355179154
6	32609097	32609097	T	C	0.0491469934072	0.0396276241465	8.54464884093e-05	0.911139935958
6	32609147	32609147	A	T	0.849850383235	0.0075925840311	0.00183293866266	0.140724094072
6	32609192	32609192	A	G	0.683326906953	0.0123746077722	0.00111490689579	0.303183578379
6	32609212	32609212	C	T	0.91072234636	0.000734159290455	0.000302895035052	0.0882405993148
6	32609214	32609214	G	T	0.0499740910188	0.0235016708918	5.06751361634e-05	0.926473562953
6	32609806	32609806	C	T	0.793294621515	0.0383221828432	0.16082687393	0.00755632171121
6	32609952	32609952	T	C	0.144475822239	0.232386770064	0.620976102993	0.0021613047042
6	32609969	32609969	T	G	0.303476475089	0.535168407501	0.0766093800902	0.0847457373193
6	32609974	32609974	T	G	0.875015670894	0.0237614570419	0.0922092643403	0.00901360772341
6	32634302	32634302	A	G	0.86478871262	0.00821313253452	0.0022764660214	0.124721688824
6	32634302	32634302	A	G	0.86478871262	0.00821313253452	0.0022764660214	0.124721688824
6	32634302	32634302	A	T	0.950681315743	0.00289244723605	0.00250256933386	0.043923667687
6	32634341	32634341	A	G	0.805649730208	0.00584956619276	0.00100476005549	0.187495943544
6	32783086	32783086	A	G	0.00190668819511	0.960673632403	0.00207143855238	0.0353482408494
6	33036977	33036977	G	A	0.0431825807848	0.155916001472	0.000336191611269	0.800565226132
9	72349104	72349104	T	G	0.00218715744607	0.888052346433	0.109048490756	0.000712005365104
9	114184259	114184259	G	C	0.0558532939116	0.0503230421351	0.893697942547	0.000125721406593
9	136253557	136253557	T	C	0.0513030760069	0.00323148576914	7.0095078536e-06	0.945458428716
10	27436566	27436566	T	C	0.995357428555	2.73529508591e-05	0.000249281527821	0.00436593696661
10	27459746	27459746	C	G	0.974835716505	0.00238274990032	0.00531648171339	0.0174650518813
10	102006625	102006625	G	A	0.0196656960803	0.195607493651	0.784530804378	0.000196005890216
10	102048208	102048208	G	T	0.709802795951	0.00225083372949	0.000221967164489	0.287724403155
12	1036042	1036042	C	T	0.298772497182	0.00187743447613	3.20638012477e-05	0.69931800454
13	21429776	21429776	T	C	0.00714616316372	0.121382398146	0.871431648169	3.97905209329e-05
13	32972626	32972626	A	T	0.0592889342126	0.322925755948	0.00124135671382	0.616543953125
15	78825917	78825917	A	G	0.0137791680609	0.158577845117	0.827537435866	0.000105550956091
15	78880752	78880752	G	A	8.62779684099e-05	0.959071627357	0.0407609442067	8.11504681438e-05
15	78882925	78882925	G	A	0.351935847661	0.160628307816	0.482754794242	0.00468105028181
15	79058298	79058298	T	C	0.996555750619	6.14517916965e-06	7.27425839214e-05	0.00336536161831
15	79067055	79067055	C	T	0.992414700491	1.73293180694e-05	9.19578832645e-05	0.00747601230726
15	79089111	79089111	A	G	0.996855909676	5.87403783045e-05	0.00174042395393	0.00134492599188
17	7846836	7846836	A	T	0.148690757231	0.125889044464	0.724387233715	0.00103296458997
17	39535672	39535672	G	A	0.670900441585	0.0669474256334	0.255114257934	0.00703787484784
19	41354533	41354533	A	T	0.86092211095	0.00159227408654	0.000399736016197	0.137085878947
22	29121087	29121087	A	G	0.00203019224888	0.685754919851	0.312036533033	0.000178354867106
